18
88
18
4
71
72
73
74
75
76
77
78
79
80
81
82
83
84
85
86
87
18
0 1090279431724926622592877282342993765565073240988956214601775401395099776672 5644068889108043502658083667812889507499999845956914360505135541439883003434 0 125331785737490185948920787901246768684902811433959003160699103499507666514 2874073967325033898433760983445788625841217253341294136856344836237577380273
0 17754284770017796561714334669094081282611128064569511255906245115692639003199 3177858280577726789902210405490435271004683468130908818721756832008644868235 0 10007053108124080701898642770013112857348854037577257738932119367533593394161 20529457306352291221249546548490722780205565069072618075139353192944534949278
0 5843285888374862774934984682471904543510270187425111072777713538238308853622 20531611293783330755449184682374817954613188757948540021911922426746586616897 0 10193125557549702421685427180048266442517903143367526575657450972644115589159 15074154758559909343659071571222127648282275829588243705662777358498492763373
0 17726913641888076862801565681692139117500022106341527301876783514340355689852 2130635840570457307111311441635203399520923874588922386996431791714205380013 0 7260871462682477418256091303395427716280662358569300979769017475606850992967 21730453474440336122389620816644050379393197361317419813151935124345534902119
0 20727202917087829625687761569048925894167671023484965201144094022332512343075 8862983647220704675308259245325506634718183342547778753776713715929003182645 0 12863472526874822479204358233863340180569633496011993257390772222764330711628 14057092082186337838816197000902622031323851558614123966667206055219856535482
0 13423718721928474137116006228491875366491926569148809788288332880017118163984 13794040675842452245322166201523927799263423081173184329489195007888680769354 0 4178566893127121366949302338210188454888509723066482492798886197996690293810 6262188859359709717662143914569062391474195294467060554029303205873656688910
0 10473319997309561864412338643607682189607064359387692833150205080235420463214 9689781492278238805268717399368852287101171205620042891982936572915114299189 0 9436247767244024858594833844554877773411425004374811985292466990822796281320 20296636220100360367962346049457132370635877945063004868573539339901774286972
0 7243771893798802720433273613958583888506604167668215085528198412336049359489 11922781265797697043861840452477599122085878543407260386398062549750437568004 0 16563561520449715299553065575648415721911031572840378151823309754279909327244 21785193994853502811299905548776935937837847918663748486213322108602981252564
0 21258427927233507147031440550471635858127930162394554138136312617615576710121 5797875307355294634141357703914960459372726796590613092317904658338490781972 0 9546552484763149000655270740880460757417395532223397011248590535004895112529 17088169659041432293269955690547585105601595840701434686755153249279299517484
0 4547525447048654134415264724456154248617691896068079434521112027510601917469 6053026625223365919820683485448127103123644949987274798145027712525606763890 0 17283029881276852671743310225609631770853680339527178995963006129075154970084 11933356760956077394926422774906708230587005335832764111999386247615362368718
0 7003872013390558353776624905396587515280393040593280385064816895138710056899 5152633250156176355569346648812057021805222139964800247765434985720029575311 0 11600168658632182588998136841589486512199494771543147605628465555468210975679 627315189448818097248009781207924099080172700797089885412035940953118555899
0 7061887499285428420959788576479046719624068834851210680870882027083679893226 20367383158836276595021678682325177150904975630548255216195286026053772227771 0 9902767612895749212405839816339451306659233236746535889726358080433077779802 13306969966086705999159050564329174756161798165880058506699372937541889729513
0 6492410646830128878700729281870212368598404714359185466268400977580375635964 6917408300079770986942006312360251175421179341042759203463002219232584530167 0 4558185022668204774866865560497970306158005479775424667104210532085748961500 7390993240687251034171625023819791585983582176293662094021753547393849007726
0 16881887921072788950096249709967718407192803192160934054487572354841935507682 10468311003178435614305617863050325860707391281140079807222416941148047215386 0 9804296839799360605047940084697390571474757668499582903806295733605113502285 8772248147919551064236974302418035295277950648116426711021292039708476034432
0 4094527219533893447820420612030593912773075854004520226722686193019397005265 21154084419358266227832673089190335359348475327468657459258019079760959828153 0 18423468822757629637389804153634622590295732171014558834468851242413231736460 10835479925564313486666832639408599439437010720644882140616343455370619088904
0 18911595327306572953455805765627423259624774679520864155258343084752962198480 534721177225707264212180323054486744614007944270811598769863393387019062616 0 1378770176884884224827223475339024222653164929791971467923388098339849356046 4123187267008549663235917660627748887722430861080730862045361512122286934460
0 18831127888576309201415480545940315266348928874048293972941879677021010633133 17895720145046886298043592860526432387860107433444017206874633910188748665669 0 13363397091105231042500677971610062778279342868716467494993046443289482122053 2136310382590172176781324332475805252067058625414626827480768581485446976547
0 2000612335006152000622797917279347308297283548211032648819464942518163983010 18851514154591193541835465047149887254293528945441224917701244821612730243850 0 14912889954194741524486471508343952197573938871443559887939088647132603480164 14667150573847738159257578747065976215557218918189145702848281544431868588615
88
18
70
71
72
73
74
75
76
77
78
79
80
81
82
83
84
85
86
87
18
0 18003585001151372112504496967756457772343415534439519935023862107892779536172 1469015298057722914099032665854315097921469730053784354801780708444284074851 15351382234750422341958141587949282722791818071429452608911316079778614300086 7620777305924158364604625009162280611906000623611930963414476582138176280176 0 20885381150517756702103840679587526020161897947057175795340374409359307889398 3646584232256363962672690748446971423750775281105389524337438561871891694092
0 12882999993567611264012603730024217591664316783848853757068569493364433821616 1531826974754486271606828279261078415055699347171595784082708035149455553361 13904519826395178964218822719259751540442468210969281815018903474924667669179 8418398087333940428913971588973918420343376354145800552549781182014338057680 0 16785577419644867270725606264635094193504791913978770992833307118773355201406 3197561706953386231172830332649610194168452424736861585385502489575862180601
0 21828297308962991030655509395688344387845013447489821762041024843780119167114 3077069662353725474837471830588449118756874918355985613536036475747284664963 20033078854281317675422635826135628812165510953790046289552457816590533502178 7396351619888798945576028593638947137999784874912583445210071482125823966741 0 12961115368946717350421466974389303497853192035047611734913127961177881452112 2690971491047225897211928790660656103248993651162710018314246225898046064292
0 4402042214784565976925429588239581802068844247011207480353701654507849025823 21649006587629459063435340092492715850033503343601256005789829875602640033025 15679712173672324143332854376017420578954078132999803129870670217547587646333 3475144916507228933998121943454840759355589842966456464984625458852338585047 0 1934182202587832622613984438767452875311061048619872382335313464138021929930 981262100548204465249059031406676544327936179123932251106304894820263685299
0 18637211485080422248222218945545784083266999389226954612629440091642329799911 3449028780905784647037695175843865158040137508635910182883888115856571689650 13249823832037024322253401259841006187227287438640404969296953033184057098754 21824632174923140508919442229902733593258690383733513055015129899607737811911 0 17294990861679844985062464226893808943450328719864365065824411786735050081129 19354752763724696650643338785949668642302899933643550604553519988078719328962
0 15018244765277403508806454645441333841464743024677341201962768575984969117130 11446067414978228008148311801087712512995694731839580779800930931811369774843 440875045439167862815897292204571835996000189712444693505102550037854602067 12288747336926610664530397317497779733809753785937400482395175178539999071203 0 21126015148990388317294094212308263278836486752964172849398103210951383129269 21218763273020404046331690547106825751459476032016025339234487336460366594647
0 17068117918710722070326601819275786725302027244353360522353819723051420400863 1215609014957187435126926115747589835073875399469759909707878903068739379701 17324915145244443224219836859839256275929490800063065776989097131895229794396 9816334934948116777485666172355125103064695950715472413175266009771067620020 0 14064152058012278552789868632215946056811891581168030491222974799581503971793 20167221575209855443662639639098462323320891268558451603800037573441680712188
0 8641660053073880333814766292918000620408067001956054526907593912980257221991 8157999113575910673282397867990774641052781331994830264855575549075822271116 15273138098963821801136155614481786234806183879014164372068278016294772070654 6284446771107432449124452396608698849196147937916606087982518317311697836952 0 5089341432451839910887977153093699825365664613819132788547699902208521793545 18109440991473628000819239587455864268708253441307162014336731229449337862691
0 6940763138044608677315607343933796588214362914621453593729676338177003285749 10964419858990542000587188694607290832909197551937333858409338954952445015613 7291006667956314369063807569235121370641198056802782295667829335280087446801 1811201985518568584537884458029323485612065792054445285462523711795937033937 0 16100839395537559591087722804592569530874904643414677004602318207685478606864 1678271431987743883388660922266217974481588146953499742515881170164230654074
0 18653928335330967931762840126462139165817644887429306381407909914887818918634 13951899319275106547741949765257645169088037456184193744722828592377459063039 15938576146184385490917546787686402410630773072747796677320394166654911171353 17563311092142967427832557067852413990507301944631203614662185863746174245976 0 5164042305520011839021064106861871318027969161095490392869797248638737856499 13853350991941277426294066595058009067416804203967565626027082677776833301801
0 940572169430667691538229662256652304607233001455758312779570840505189762606 10836412990738604112133612547407607869419596041028728672942954354727418024656 20522127555851007752525627063691912561957906596960335415755434119504853362128 3703350423878031468128949766795561666661124060103400139119050277587715822025 0 13988510639426243778684866696962253153275591661415444178170280422753324279191 17922356657019263529400266101268969179807609912275335826238380087869504667028
0 13814509576717602458145300914596190027658206132061584221601484697567177519299 4041786044905947452359293546169743002368636513524340084281598457000909160281 21682319000702935261756335024656158465335112839061440150561856668708659468516 343197419980708074658871071360899669566016882452985198140681165554466465591 0 6725421009824321901986104078310212395913218411137474212838598326006607984930 1356972046080983145113044409545748245529948333120006933942587342459739976647
0 2007236997023887406343690899928825907152986292044438679853476706919254418102 3411426342868260073879844468580252206323631096809125568129295113662237412832 1667053229685728083082000088171434580093801883134804003030629161959145690923 10802006987885204107523681763608984997965735850550864160551319883454292420273 0 14209788123529558280937684146105573337025262630657655298959560328135053722541 18960904227407567330743613279055063244625946174690809204418744877117231326821
0 10719156245179499875155242040325343669267190538321892218848214229603582718090 17554918740631669450092339096008567128038874332855452032518989088143349843538 16600788370023560238950222741249852435362068403516277950276091645592243686164 5451311058920745099140047512199477570793588494771509490460048992300153745806 0 16074253093739843291235304070765925993768057646868252361652438998167050015153 79521470198360600054264593075196956424950164561556794707211790088666909664
0 21057958601284304957833794446984048367994551885652176558556662549928239534504 21439027261582602947513723608374338956306837282056324409619917186933083749923 5579571979748847152150895938026986826887359010217016677677099900017869795650 3827274236373148291755123729201094759294200938548581314236815166589520141831 0 8011052741758766737970738258362185275960370269668487494924501831231748916361 16488833764748347755177949217344795835928032573630770786206059676445956959573
0 12606685432807909868626813485298745398915817256409960660076698202673332059184 9730013233026801660547318982366107968925087643891282097481668109008327626225 17803765206019092148431529815869655578856208499434129951483053052061712256056 3473990494795420669703366495898657661355725196899544721088246403647257943686 0 20828365502899599020984700239879186419715651083245436677442996136848935085787 13519231995654940375741677942866574092119870001339192331221479218202925652465
0 12568201673017445267556646430600839641344159422700648597088479229767084819681 17827099924209070858758416041112093693624727754537859268494168440388531644116 3981670853135957953991905404023754451886618958505312174370768374423039844568 18020761210666267733607592942616828884301093480392850887033815584243440717236 0 18728564564445536800645449009278918622960799574420394661297427129750661776152 21719550678375695509419945682329513146559837269540167984015170483234401242214
0 3400956611503554380328855102978105083640854829231322888635212940887569593194 13152923170103290423649416600294747907568528583290781012721705100566044840826 18587727032593864756219294362549959298631790707511288202897142791769625339636 8721336790863412501515801489440853941318360023398450079170088893894899271486 0 21515294779656377157827439971529484263722664882959439549149779817824256109855 7481889637964702099687003346278992184171278805370062632841128133716174180929
88
22
0
1
3
4
70
71
72
73
74
75
76
77
78
79
80
81
82
83
84
85
86
87
22
0 18165129870508238316548088909042957883269682203945093645392855907510546098855 8712687093414271366174218345552710281150757396009357357658165539410213241587 0 20232594965319745949982428701019283749917516204945352857612851584846147249390 7865254724057652260534717873255339489925242916428461719506768433976977999549
0 18165129870508238316548088909042957883269682203945093645392855907510546098855 13175555778425003856072187399704564807545553761288466305030872355235012966996 0 20232594965319745949982428701019283749917516204945352857612851584846147249390 14022988147781622961711687872001935598771068240869361943182269460668248209034
0 10823877212711708377124838820382292555115177038151307814227783858533229173910 20727391953363480557167589559241322499146728662878426187711533313444867403498 0 21228213497000978675615290551836191151249370804448418232436195652113194332588 12098344103210432034284902302128862465832232485450822999696093198038790638614
0 18165129870508238316548088909042957883269682203945093645392855907510546098855 8712687093414271366174218345552710281150757396009357357658165539410213241587 0 20232594965319745949982428701019283749917516204945352857612851584846147249390 7865254724057652260534717873255339489925242916428461719506768433976977999549
0 10823877212711708377124838820382292555115177038151307814227783858533229173910 1160850918475794665078816186015952589549582494419397474977504581200358805085 0 21228213497000978675615290551836191151249370804448418232436195652113194332588 9789898768628843187961503443128412622864078671847000662992944696606435569969
0 18165129870508238316548088909042957883269682203945093645392855907510546098855 13175555778425003856072187399704564807545553761288466305030872355235012966996 0 20232594965319745949982428701019283749917516204945352857612851584846147249390 14022988147781622961711687872001935598771068240869361943182269460668248209034
0 21139652163067298538368270322453806682249531234252862755103298860706581204390 4964191008455339437254235520406361863064635741390967945843215360026678864604 0 9456769555258832123450783723011015251966875837692459179265563998193925374903 18183209114109597983791211976415662101870126939467305940773604921173726632935
0 15418388669908630840754856239212579189329001423553241325354877766336439768463 19635810041225397522281961218266188334941278061985053491585133328396556890901 0 15585823871796366552275088546225086171883162450070500149394175984798390364069 5257575504329867363985260502202814959403655491339248487588912011715920092198
0 357789476082580245888669143138686909036012608595129067628735149428941404287 14556576524570566758020106840667587420647427304471757247479921151581829603601 0 5571751488750511336448935047853421937768951325681031578642319585991166911200 548141106509264104676580264882365826476778947992595568933641593505937482725
0 12773513395265202577465317795156906922749083851598740705394192963622088959964 18203772053871363337131114660128152018962244709123964002034181123356351145427 0 11370291937119438286894972231616517756382062741980633173067157839981744893004 69097747703759802236890534187249649763074609228825823697245324347606374115
0 15009747566873303355239156132825153640865933920050482786254595425025625714604 11875282245993908940394784177514452270296205194090526664478434054380612534480 0 8219302815215528394394902445746410186752069765185855400173315521124118275140 21327248625007846828813130309284647687856503137612190706428328163903083738892
0 18818329132439591522927098505623314874494961331218490940546089507098578909244 14182237551901342924499353260347779150744272191948769049977333116261103298277 0 19378331711217407921558837822061582015495518708291976295805169439977906374151 21024182518151957660207869608179352007479732463300204628415897829206557525874
0 10139512910772818997069136708055729483227717203594482526876162003763024639932 6846791224770602407028480193839380107616619272289419577788552227669178754198 0 12670267621759258146974075367448777278060627863981255336992747081456590784480 13070427824278619826938407203250412243081850609666588926675681788449600150321
0 17673016350265580777002716796940299029045095311899689673910504168646351562007 838581428369835319627261344074421073490869247726553503719225896905036008137 0 18800842397129823438072511032083455693803156751765084799248246078918482936223 19039554012112332199662704875467443357010688625148741658312131531449385920919
0 17150066535408414380245896690738730199429640869242837667344688178956032049734 9002668168238774213192450913946605491543611035074859341350031253354372047423 0 3387311933618520570537831795195343056440055983665697515994536423891440021144 15431790664294780798887186631699613983356055044615886353374904386277532984101
0 4033011989598265950347433330058852911785928594558463388499008362792420186705 17315474645771191225496438099077839798318998395249324556669550827994860020854 0 8523609624741923006786096052546842336921417074479888046748998816589670278122 8590609137425213276822894464094453963446083892021502999499794908379970677155
0 18627602306279683301433205011135217865182729854876385157586954799914872931294 14689601213658121945618442431317532432087354979445240881766229307924991999698 0 6424491538647853120996840693903600985458023266600894118581560958563911431644 7171105967383719793067260049128724648245710319099489794926194636354939686283
0 4338077915928585587899157980051705918004841487812552031996734006843778861674 18332211577945463182371631483786567777624450030116475022940379235392014883087 0 15013779307236701500406106945992074774907366922090453379997613626311647558870 21868472938683606932599466860371186784939157115745328870471783927780126195836
0 5477376292427855665319198763938179078629196023958649104432916170635903263250 10434127318791565233271821090700492989097577330704464259445603124934525988704 0 16518789091741135025836970257976180556920202993914410466772390990440059464421 16203083210521322292646210454321735213925283462503113324301066771660802539636
0 4728963708551487406953702397625155075140034699229177381820284640389646794440 9358964257286150894279641005508732122536319415909173746591180292566448877396 0 2045414170905707419367088000933528942385637702512524096276676555327975765508 4292708505291819836678426625802930316595615642229348197101505709243166856173
0 2569391993834532038088367159829235444813585503921946830138924238087156520561 14430676240359047027751041954829114798122401510057031613241827910734729006355 0 12325820185382185328640478834420974741800354634942451967962949686026497721581 17578230143284513242101069164863901422143132699747783281213245781076037002384
0 1077695502292549324141593710118699706948706363145554098370244378568195856197 162841902787735678028777306244982301169759945935587947605424158088383922756 0 9852028422570701420184030195811254388056408300593144281624911313474202423763 16653259012078468994695475764054816360099007027876194961168126733327980048736
25
0 6350874878119819312338956282401532409788428879151445726012394534686998597021 12701749756239638624677912564803064819576857758302891452024789069373997194042
0 9494285417996494850100971218664562534784829460586615987230673026002327722421 14637144429209449896439544282410139548459577442798933604056946499023929354106
0 6624826064297705557005974022629081861288764588937383630251666214707242017892 1174567958689462757966656514168437300929684134220478969078096167644212510319
0 16219108125050626966399309746626714291902420128127713043661008778006927162569 1252184902314851802506926836202150987052786921008614008110956884946722236444
0 11208710106547171150157819058139243014605231682940167809628799824343784027080 11318078426102938380234672737644922134337017934983696885262598985030997556259
0 1125006107010970886499866397643399626049944650425636549677045293953621270932 19557058206089924892093712077450395201087027651299522396483833172181531759411
0 4513778296878780685874701343142939628299021153517851595142219100689665922119 16330054547897082341906222395104542972025596216896161492066944018469860555298
0 5030569525799158769724512958035189561748632116924957481245149246381245743472 2600688719073896335642877539941356748983557869119786920578361983026542212745
0 5915467029234274914674604356359521545350763113670603946418985858364060030341 1683557873471268028486281562460724651433728916513615618909458323710160780356
0 13741171702042805763558192369170969217231106076974151571017766698689812553681 19771552721540930683801362154281825653760716637827673291066386740880291963307
0 8958414276305009844454430270229511046024761680983338665055936202085884555629 18681229181877866765271525512133588221945638616566782365810264192151784788758
0 18167187684526673690638730001637687688578703434378835911103661866741757269346 4054891413601737573423526798360478150377276762984620346655711965540469607019
0 1934625699962365138636761492833313564873235670842745639793433530780584566977 4314392150038431619280779706899201280772754468014841337549829140065623644187
0 14245906233971865287441376231920188794204687591796797150734852840556432012383 1274475212151021832797300390701986539509739261940905445089385907175254719306
0 13124048709434670266461811033527167616196186052911352284639498834134860172345 15486737656019414171081478119789984844608847294737888060865344092014300915411
0 13127484594836692656197299965878902208854687045862955155967574752177440302478 5584585664171164745294678595079175498023686540188919370478851829885519183702
0 8026167254745665809065929282388122022113073584137971241427919523289886314659 10625916776906875789519423650890405583830227419523814231634742141207317767495
0 15793476225307857487710804196840329786168691480294107320392767203862651197587 12845744617849523364838309235287837261822246004989266083749956233798580993163
0 8173614194113795940583081044763319874810734918069156599421697268784963442563 10378138537809957176244973975574893297701549167607591309349305464825238741016
0 13123637036392869416455047942453220139910122619347984135638981792837216810296 3182773123683511860271262239540474223846338383595088546548898942902165805260
0 19911540064261796919546744025603121726768573753140741164841603092457320883095 13775078375174277379641905404888344687737996225514881828038593891941926111435
0 626524000886178024892918992252473074274223325417721105623574620968138649225 19522568762391955486959039468700430636570184712305696631422521615254711718429
0 3472525735025494216814799223457223414085579783658740961934136595586722145092 7525873357947533104966592812932828371500622525746767823191434496736968196226
0 549228376296173463562637609541504879695057582906165712128791727382287611690 14890671239807590023858327989100232734039501162028452033346845125315779959333
0 6195848309128584549504699253701894757532868793306730863283417351311508128649 7804274176053934878518093390400943569749007032922955948701961746095528659950
90
0 5537203357980956394649206633788755457147483971127235551837337970068050170992 5017305522057906683731475477797610077881212007399119069147945603112134844634
0 4132093153721767621731318800614575239997266759867201389066778758631809652657 6093387857088679261675005619118830023296440301174109852072949019441159244202
0 1865098194508667233340817268945853309449013279363710395454506112259276502674 5923587785098534197753727075192686137623349652814760621495253176618209000061
0 11602918458901635429390619700131515761164523036131395150426878057886221997280 388272328145167943984522784327650572232175985924492921362340728036218786871
0 11597078594933437546136757823022529170559773427388308880579211777179762585634 14355865885095039466577395216267594590021191162555197502097759526121519850948
1 0 6350874878119819312338956282401532409788428879151445726012394534686998597021
1 0 6350874878119819312338956282401532409788428879151445726012394534686998597021
1 0 6350874878119819312338956282401532409788428879151445726012394534686998597021
1 0 6350874878119819312338956282401532409788428879151445726012394534686998597021
1 0 6350874878119819312338956282401532409788428879151445726012394534686998597021
1 0 6350874878119819312338956282401532409788428879151445726012394534686998597021
1 0 6350874878119819312338956282401532409788428879151445726012394534686998597021
1 0 6350874878119819312338956282401532409788428879151445726012394534686998597021
1 0 6350874878119819312338956282401532409788428879151445726012394534686998597021
1 0 6350874878119819312338956282401532409788428879151445726012394534686998597021
1 0 6350874878119819312338956282401532409788428879151445726012394534686998597021
1 0 6350874878119819312338956282401532409788428879151445726012394534686998597021
1 0 6350874878119819312338956282401532409788428879151445726012394534686998597021
1 0 6350874878119819312338956282401532409788428879151445726012394534686998597021
1 0 6350874878119819312338956282401532409788428879151445726012394534686998597021
1 0 6350874878119819312338956282401532409788428879151445726012394534686998597021
1 0 6350874878119819312338956282401532409788428879151445726012394534686998597021
1 0 6350874878119819312338956282401532409788428879151445726012394534686998597021
1 0 6350874878119819312338956282401532409788428879151445726012394534686998597021
1 0 6350874878119819312338956282401532409788428879151445726012394534686998597021
1 0 6350874878119819312338956282401532409788428879151445726012394534686998597021
1 0 6350874878119819312338956282401532409788428879151445726012394534686998597021
1 0 6350874878119819312338956282401532409788428879151445726012394534686998597021
1 0 6350874878119819312338956282401532409788428879151445726012394534686998597021
1 0 6350874878119819312338956282401532409788428879151445726012394534686998597021
1 0 6350874878119819312338956282401532409788428879151445726012394534686998597021
1 0 6350874878119819312338956282401532409788428879151445726012394534686998597021
1 0 6350874878119819312338956282401532409788428879151445726012394534686998597021
1 0 6350874878119819312338956282401532409788428879151445726012394534686998597021
1 0 6350874878119819312338956282401532409788428879151445726012394534686998597021
1 0 6350874878119819312338956282401532409788428879151445726012394534686998597021
1 0 6350874878119819312338956282401532409788428879151445726012394534686998597021
1 0 6350874878119819312338956282401532409788428879151445726012394534686998597021
1 0 6350874878119819312338956282401532409788428879151445726012394534686998597021
1 0 6350874878119819312338956282401532409788428879151445726012394534686998597021
1 0 6350874878119819312338956282401532409788428879151445726012394534686998597021
1 0 6350874878119819312338956282401532409788428879151445726012394534686998597021
1 0 6350874878119819312338956282401532409788428879151445726012394534686998597021
1 0 6350874878119819312338956282401532409788428879151445726012394534686998597021
1 0 6350874878119819312338956282401532409788428879151445726012394534686998597021
1 0 6350874878119819312338956282401532409788428879151445726012394534686998597021
1 0 6350874878119819312338956282401532409788428879151445726012394534686998597021
1 0 6350874878119819312338956282401532409788428879151445726012394534686998597021
1 0 6350874878119819312338956282401532409788428879151445726012394534686998597021
1 0 6350874878119819312338956282401532409788428879151445726012394534686998597021
1 0 6350874878119819312338956282401532409788428879151445726012394534686998597021
1 0 6350874878119819312338956282401532409788428879151445726012394534686998597021
1 0 6350874878119819312338956282401532409788428879151445726012394534686998597021
1 0 6350874878119819312338956282401532409788428879151445726012394534686998597021
1 0 6350874878119819312338956282401532409788428879151445726012394534686998597021
1 0 6350874878119819312338956282401532409788428879151445726012394534686998597021
1 0 6350874878119819312338956282401532409788428879151445726012394534686998597021
1 0 6350874878119819312338956282401532409788428879151445726012394534686998597021
1 0 6350874878119819312338956282401532409788428879151445726012394534686998597021
1 0 6350874878119819312338956282401532409788428879151445726012394534686998597021
1 0 6350874878119819312338956282401532409788428879151445726012394534686998597021
1 0 6350874878119819312338956282401532409788428879151445726012394534686998597021
1 0 6350874878119819312338956282401532409788428879151445726012394534686998597021
1 0 6350874878119819312338956282401532409788428879151445726012394534686998597021
1 0 6350874878119819312338956282401532409788428879151445726012394534686998597021
1 0 6350874878119819312338956282401532409788428879151445726012394534686998597021
1 0 6350874878119819312338956282401532409788428879151445726012394534686998597021
1 0 6350874878119819312338956282401532409788428879151445726012394534686998597021
1 0 6350874878119819312338956282401532409788428879151445726012394534686998597021
1 0 6350874878119819312338956282401532409788428879151445726012394534686998597021
0 1829086033640947417499758287371403681759360835446021021033942629491418389417 4392904587661817678856557468105386201081012952600636976702524661688467666139
0 21043119960076201297752369367924784807015603428495148358133512748922311050334 9529738266714856557406948557340294780396134451330490866193848063675896777959
0 3033002941186454371718299054586188598330573291426602491790294907550912252725 6722554304232471994266312706025609112451715836711489785790902199717739705291
0 19897541543949078206289982125366743988845433515404483801057630123940523814434 17809340070907130232329038333544309518800229153221399525571467671116454520603
0 14876643853764257378649787194786838917283026780260038618072111166839217032982 5092980922078511996905065513191481968779297888306315559301544464500591140229
0 14072811391122346930984504352487860923724684226065543219093440070216887753124 1644902865524924123134933530678189853993722519773663766286121991188169458786
0 4870535305293093519946546163269082804671279163949044087177391246223287249429 7871750658521451878702581101262696433342190575635283777985937993417806997506
0 20671701242356621417720328707615262737656298794119678457194633840853498268097 10778169002140532566809524832910615804840408038068011082738451796683924462162
0 8804214014046573443033526217731371924067951462334897060345692935073177454301 11679872309653279810518837518069570730377154985771060670079599401404409630211
0 6533001411959327067718553689735850024133513134925250775011623525875427320454 9186897917590782825687226011655348597840357479316773352414767543196003675945
0 18601771687549785851502179712539221071401693920190568417810158064439530608821 1612470017574431555987699625121490349320093437251364171116489548529878124040
0 10481181162015876308676574917865314897765506349491291997099129362793351417986 8235985606864588296940945938487773591977290414520144612327769565709325502306
0 2120262576566075617203371931675901903016085824600364087630354327110095397237 8357996830966761138450922462490362534690160245235913399455688865799825235756
0 7036706451811204475528470706788943515913561323628679331466706313525150114212 14878056160201709971689279018571468240852026530824533762837414115141115074457
0 10322449623719355742818541437925784915247104011530779571668958226875899748946 15098183059972187703550932953013485677765041037402773838329862807218586258832
0 392119482162881816745756365677577977115515092146207716695815187219847518229 4006101909835632097650908334939082954804199188479953726720283280064790281662
0 1799857362957406711905281329515936134981260266866672558199514683313103885719 7555326646493579161682648841742131186671168481489144741826990757514253580315
0 10303245685104659368459047483215922942883289579545826243189577701182639139722 12700126729760350131167552283558312413623979768500214865639469216094262437025
0 3736197445051972874257144611531453753925223314271171918408792168327505466325 10781597549221081090665076868538100783455139839824649701050861238818103267365
0 9049014081979097446428304987628014638058277329259460327941438364865602691870 3324849538448547284441619008472860271237955779231578455359219141387772937557
3
83
18
2
0
6350874878119819312338956282401532410528162663560392320966563075034087161851
71
15537367993719455909907449462855742678020201736855642022731641111541721333766
1
71
6350874878119819312338956282401532410528162663560392320966563075034087161851
0
2
0
6350874878119819312338956282401532410528162663560392320966563075034087161851
72
15537367993719455909907449462855742678020201736855642022731641111541721333766
1
72
6350874878119819312338956282401532410528162663560392320966563075034087161851
0
2
0
6350874878119819312338956282401532410528162663560392320966563075034087161851
73
15537367993719455909907449462855742678020201736855642022731641111541721333766
1
73
6350874878119819312338956282401532410528162663560392320966563075034087161851
0
2
0
6350874878119819312338956282401532410528162663560392320966563075034087161851
74
15537367993719455909907449462855742678020201736855642022731641111541721333766
1
74
6350874878119819312338956282401532410528162663560392320966563075034087161851
0
2
0
6350874878119819312338956282401532410528162663560392320966563075034087161851
75
15537367993719455909907449462855742678020201736855642022731641111541721333766
1
75
6350874878119819312338956282401532410528162663560392320966563075034087161851
0
2
0
6350874878119819312338956282401532410528162663560392320966563075034087161851
76
15537367993719455909907449462855742678020201736855642022731641111541721333766
1
76
6350874878119819312338956282401532410528162663560392320966563075034087161851
0
2
0
6350874878119819312338956282401532410528162663560392320966563075034087161851
77
15537367993719455909907449462855742678020201736855642022731641111541721333766
1
77
6350874878119819312338956282401532410528162663560392320966563075034087161851
0
2
0
6350874878119819312338956282401532410528162663560392320966563075034087161851
78
15537367993719455909907449462855742678020201736855642022731641111541721333766
1
78
6350874878119819312338956282401532410528162663560392320966563075034087161851
0
2
0
6350874878119819312338956282401532410528162663560392320966563075034087161851
79
15537367993719455909907449462855742678020201736855642022731641111541721333766
1
79
6350874878119819312338956282401532410528162663560392320966563075034087161851
0
2
0
6350874878119819312338956282401532410528162663560392320966563075034087161851
80
15537367993719455909907449462855742678020201736855642022731641111541721333766
1
80
6350874878119819312338956282401532410528162663560392320966563075034087161851
0
2
0
6350874878119819312338956282401532410528162663560392320966563075034087161851
81
15537367993719455909907449462855742678020201736855642022731641111541721333766
1
81
6350874878119819312338956282401532410528162663560392320966563075034087161851
0
2
0
6350874878119819312338956282401532410528162663560392320966563075034087161851
82
15537367993719455909907449462855742678020201736855642022731641111541721333766
1
82
6350874878119819312338956282401532410528162663560392320966563075034087161851
0
2
0
6350874878119819312338956282401532410528162663560392320966563075034087161851
83
15537367993719455909907449462855742678020201736855642022731641111541721333766
1
83
6350874878119819312338956282401532410528162663560392320966563075034087161851
0
2
0
6350874878119819312338956282401532410528162663560392320966563075034087161851
84
15537367993719455909907449462855742678020201736855642022731641111541721333766
1
84
6350874878119819312338956282401532410528162663560392320966563075034087161851
0
2
0
6350874878119819312338956282401532410528162663560392320966563075034087161851
85
15537367993719455909907449462855742678020201736855642022731641111541721333766
1
85
6350874878119819312338956282401532410528162663560392320966563075034087161851
0
2
0
6350874878119819312338956282401532410528162663560392320966563075034087161851
86
15537367993719455909907449462855742678020201736855642022731641111541721333766
1
86
6350874878119819312338956282401532410528162663560392320966563075034087161851
0
3
0
15537367993719455909907449462855742678020201736855642022731641111541721333766
4
15537367993719455909907449462855742678020201736855642022731641111541721333766
1
6350874878119819312338956282401532410528162663560392320966563075034087161851
1
70
12701749756239638624677912564803064821056325327120784641933126150068174323702
19
0
15537367993719455909907449462855742678020201736855642022731641111541721333766
4
15537367993719455909907449462855742678020201736855642022731641111541721333766
1
6350874878119819312338956282401532410528162663560392320966563075034087161851
71
6350874878119819312338956282401532410528162663560392320966563075034087161851
72
12701749756239638624677912564803064821056325327120784641933126150068174323702
73
3515256640640002027109419384348854553564286253825534940168048113560540151787
74
7030513281280004054218838768697709107128572507651069880336096227121080303574
75
14061026562560008108437677537395418214257145015302139760672192454242160607148
76
6233810253280740994628949329533561339965925630188245177646180721908512718679
77
12467620506561481989257898659067122679931851260376490355292361443817025437358
78
3046998141283688756269391572876970271315338120336946366886518701058242379099
79
6093996282567377512538783145753940542630676240673892733773037402116484758198
80
12187992565134755025077566291507881085261352481347785467546074804232969516396
81
2487742258430234827908726837758487081974340562279536591393945421890130537175
82
4975484516860469655817453675516974163948681124559073182787890843780261074350
83
9950969033720939311634907351033948327897362249118146365575781687560522148700
84
19901938067441878623269814702067896655794724498236292731151563375121044297400
85
17915633263044482024293223658878518223041084596056551118604922563666280099183
86
13943023654249688826340041572499761357533804791697067893511640940756751702749
0
0
2
70
6350874878119819312338956282401532410528162663560392320966563075034087161851
3
15537367993719455909907449462855742678020201736855642022731641111541721333766
0 16353721210620597124600588873656158496200651805902138949344667059781826547692 13498942066618489558287513822406409859246204355423853455161336667223734315312 3098793337330619535948345063217968758674389616663055370745662102297025265316 2463483672132814726150064629246053026109989128487379291682885884187081452202
0 5320557909713650703425897158540994842304118174837167411129231028705390045409 2513777751302821360082939535558045160314382426174375077968201858044560469408
0 8790041297298905298023404616544966853621020424520933138346042437201329870242 13385256995040471426415334611620059240660668275478219610004564988724258829436 827314024337242529247811281612642578881426957853987797947493474178668333118 5803682478369065166247392274705642195931853069317230703604609952444308715060
0 10769404359880088135242903857810244460433516656303597562180048013529665169349 17662570313463639735808333699460407957391838979563784480121567519251377141042 9652003401293136157852725258386317462442196738011739533386774158344290900225 1471683278403328315713248576944509317797838344189099836203289612277170437410
0 15469201857666994188126407788599323438269365357605359758776504441775838304050 8756727737739305097814148817554641291917109153110305565527301244729468602972
0 20159240253593295675375504339162300310656335952665014884577442190146716666660 5351603184139826352608915912390468681014825601668824830562119965436339205845 14512890053989028007576603119463335500875791681584713946730843014066793664949 15208372846118233605029046662367230160091800389835866833610924903566934459539
0 16435967565188951270414963709607922304435735796183778473519687964847793569359 17990252909511807178647064069820064755334307334993719116959087870129045465184 612653222314417276296883618196192295063222147160800842691504659181362051954 4280364538195703119245151036371982485299948601217270173049985687874257558677
0 5017730207658349820426352558360251113195344087719079550461749398592599733930 14027553278483357085893241095103201092079900607126520202985111630716776613018
3
3
0
1
2
3
0 18084699920434935709268204993208788715547233972219487538965067256364193435097 13209188890429411286311775005519037591433637106492427901227616821546592932191
0 7293924841590222345046497941106622714947318890311839501621564202887981861034 6743331697211822218376980475598307824247130419042597012229920613415043367195
0 12273987137091451520211267256958181945797298919972516029450259146134025333944 21802086761138927895835227601325241486500574913692421370993288713198598802551


