3
94
0
0
12001802404726770690364591529005485285878614065103075745042177204564210828451
5479964994779435328474599073940124876503716183055853582292954130633294551050
1
13519728036325055650325774962854090574449440842808709913310588846352366717728
21395276075707643631416117453605928389863062912920554925226746803497097751543
1
3225228026845455586272873079225699722564697211354962547497514195992238754743 21840844732745692284075552748902299803244141510840112930276019054354632357516
14962306761850259219338991540515384887675751834799303642744086814302135717977 16077681009998996416958056239016780912762507589385799219402633835731943271619
1 0
5261930398113513435194850417772375052149705989035217868966817154642804345885
1095051516481661257600158908403883456481593402230968486193185453212813912044
1
6485777263066220992747503400945101478834832136002579198180075395145745827188
18230159730087801989154643912123108451580748650381666725604598731423323993789
1
3505383370740724587697150419710622545423372716989782693060574736964124119311
6739245843166331844918449939742928587865819124619012944570392583229496681788
1
19948127939917088463805991965574208961061536728855518833061301618882264245056
1331448754931636828472331769884276783376491791489759478260961790817412313601
1
6505667567823049252770810221724016761668760477799421077208746038904636402028
15703128338041390194896049391135849391932653602020987835380379777733207302469
1
