21558167228852945767734908637353941914703965998529515345362428575297902621617 1567006047741016485519052074066268907098583973188422507296595911936712148139
8833125173417035665889893683947569774158100233641423033652271445966869313443 8503731760911218096660144451770451619812945910455391467309149967478888863133
1 0
16950208547907488010800884313018758746293811828193553323173688101995619749101
5562801816069828706663765752700264067692121635509607109653682664250854467318
1
2092947251571240024872116226820151680457836129560571450196914288488030313022 250891218557284306312754487493771508717613138585844344655237045869877468751
5093656066417655043654313397706050354300853170509612934683273069475876277970 1171155023605901275599044241937553529566308571533182295906295349805638418968
1 0
20696250384899545917830167401564932193903084186598932556283101717936785417086 12090358307710553436514798281709934182814384008625315194643058907336086080513
9801205267012055445703351938412195170386335680724913156709633075424562911384 10298273952011170722192229799820251833810300592071892747071037091117509622211
1 0
5518491256925324485697531768304676944091422037551358410259127244088821493507
14418815204975602953375514500270131853150866834828462963641770126244394576058
1
105615747576646275978750929723577737574515969351526517065399573499898061419 11122490390392797159246337227271323651989845503386425851746053226606113444153
2291065620764730990228915742940610853429802802640287849234486196811629100801 8358975875582381782834340080399378371766857275596831034745312113985507805841
1 0
11487773693394787443834749322771500267874194272777196609775775886782733565296 11989442541484106667072890447710761525108963344942487984890735940282189859435
7584997219760189651377266955709624328939832171022923962268370057465032959544 7559341743079240226228837892861771101290556400406582733925039697999041208731
1 0
1
1101053132884883172484346921079100329586296408063594330916723601970919182892
2866903310239511572249847265515423262874697467714992937095349288848124769621
1
